25,255
25,254
25,253
25,252
25,251
25,250
25,249
25,248
25,247
25,246
25,245
25,244
25,243
25,242
25,241
25,240
25,239
25,238
25,237
25,236
25,235
25,234
25,233
25,232
25,231
25,230
25,229
25,228
25,227
25,226
25,225
25,224
25,223
25,222
25,221
25,319
25,318
25,317
25,316
25,315
25,314
25,313
25,312
25,311
25,310
25,309
25,308
25,307
25,306
25,305
25,304
25,303
25,302
25,301
25,300
25,299
25,298
25,297
25,296
25,295
25,294
25,293
25,292
25,291
25,290
25,289
25,288
25,287
25,286
25,285
25,284
25,283
25,282
25,281
25,280
25,279
25,278
25,277
25,276
25,275
25,274
25,273
25,272
25,271
25,270
25,269
25,268
25,267
25,266
25,265
25,264
25,263
25,262
25,261
25,260
25,259
25,258
25,257
25,256
25,220
25,219
25,218
25,217
25,216
25,215
25,214
25,213
25,212
25,211
25,210
25,209
25,208
25,207
25,206
25,205
25,204
25,203
25,202
25,201
25,200
25,199
25,198
25,197
25,196
25,195
25,194
25,193
25,191
25,190
25,189
25,188
25,187
25,186
25,185
25,184
25,183
25,182
25,181
25,192
25,180
25,179
25,178
25,177
25,176
25,175
25,174
25,173
25,172
25,171
25,170
25,169
25,168
25,167
25,166
25,165
25,164
25,163
25,162
25,161
25,160
25,159
25,158
25,157
25,156
25,155
25,154
25,153
25,152
25,151
25,150
25,149
25,148
25,147
25,146
25,145
25,144
25,143
25,142
25,141
25,140
25,139
25,138
25,137
25,136
25,135
25,134
25,133
25,132
25,131
25,130
25,129
25,128
25,67
25,66
25,65
25,64
25,63
25,62
25,61
25,60
25,59
25,58
25,57
25,56
25,55
25,54
25,53
25,52
25,51
25,50
25,49
25,48
25,47
25,46
25,45
25,44
25,43
25,42
25,41
25,40
25,39
25,38
25,37
25,36
0,393
0,392
0,391
0,390
0,389
0,388
31,879
31,878
31,877
31,876
31,875
31,874
31,873
31,872
31,871
31,870
31,869
31,868
31,867
31,866
31,865
31,864
31,863
31,862
31,861
31,860
31,859
31,858
31,857
31,856
31,855
31,854
31,853
31,852
31,851
31,850
31,849
31,848
31,847
31,846
31,845
31,844
31,843
31,842
31,841
31,840
31,839
31,838
31,837
31,836
31,835
31,834
31,833
31,832
31,831
31,830
31,829
31,828
31,827
31,826
31,825
31,824
31,823
31,822
31,821
31,820
31,819
31,818
31,817
31,816
31,815
31,814
31,813
31,812
31,811
31,810
31,809
31,808
31,807
31,806
31,805
31,804
31,803
31,802
31,801
31,800
31,799
31,798
31,797
31,796
31,795
31,794
31,793
31,792
31,791
31,790
31,789
31,788
31,787
31,786
31,785
31,784
31,783
31,782
31,781
31,780
31,779
31,778
31,777
31,776
31,775
31,774
31,773
31,772
31,771
31,770
31,769
31,768
31,767
31,766
31,765
31,764
31,763
31,762
31,761
31,760
31,759
31,758
31,757
31,756
31,755
31,754
31,753
31,752
31,751
31,750
31,749
31,748
31,747
31,746
31,745
31,744
31,743
31,742
31,741
31,740
31,739
31,738
31,737
31,736
31,735
31,734
31,733
31,732
31,731
